%% Load constants
kvec = [66.8, 66.8, 1.059, 0.29];
rhoc = [7265*210, 7265*210, 1850*950, 1850*950];
qel = 9000;
alpha = 40;
Tinf = 20;
T0 = 30;